5158:   java --add-opens=java.base/java.io=ALL-UNNAMED --add-modules=jdk.incubator.foreign --enable-native-access=ALL-UNNAMED LinuxSyscall.java
         Address Perm   Offset Device  Inode    Size    Rss    Pss Referenced Anonymous LazyFree ShmemPmdMapped FilePmdMapped Shared_Hugetlb Private_Hugetlb Swap SwapPss Locked THPeligible Mapping
        85a00000 rw-p 00000000  00:00      0  126976  28868  28868      28868     28868        0              0             0              0               0    0       0      0           0
        8d600000 ---p 00000000  00:00      0 1875968      0      0          0         0        0              0             0              0               0    0       0      0           0
        ffe00000 rw-p 00c63000  fd:00 537819     468    468    468        468       212        0              0             0              0               0    0       0      0           0 classes.jsa
        ffe75000 rw-p 00000000  00:00      0     556      0      0          0         0        0              0             0              0               0    0       0      0           0
        fff00000 rw-p 00bed000  fd:00 537819     472    472    472        472         4        0              0             0              0               0    0       0      0           0 classes.jsa
        fff76000 rw-p 00000000  00:00      0     552      0      0          0         0        0              0             0              0               0    0       0      0           0
       800000000 rw-p 00001000  fd:00 537819    4396   4076   4076       4076      3364        0              0             0              0               0    0       0      0           0 classes.jsa
       80044b000 r--p 0044c000  fd:00 537819    7592   7016   7016       7016         0        0              0             0              0               0    0       0      0           0 classes.jsa
       800bb5000 ---p 00000000  00:00      0     300      0      0          0         0        0              0             0              0               0    0       0      0           0
       800c00000 rw-p 00000000  00:00      0     256    256    256        256       256        0              0             0              0               0    0       0      0           0
       800c40000 rw-p 00000000  00:00      0     256    256    256        256       256        0              0             0              0               0    0       0      0           0
       800c80000 rw-p 00000000  00:00      0     960    896    896        896       896        0              0             0              0               0    0       0      0           0
       800d70000 ---p 00000000  00:00      0      64      0      0          0         0        0              0             0              0               0    0       0      0           0
       800d80000 rw-p 00000000  00:00      0     192    188    188        188       188        0              0             0              0               0    0       0      0           0
       800db0000 ---p 00000000  00:00      0 1046848      0      0          0         0        0              0             0              0               0    0       0      0           0
    560dfeb2e000 r--p 00000000  fd:00 536260       4      4      4          4         0        0              0             0              0               0    0       0      0           0 java
    560dfeb2f000 r-xp 00001000  fd:00 536260       4      4      4          4         0        0              0             0              0               0    0       0      0           0 java
    560dfeb30000 r--p 00002000  fd:00 536260       4      4      4          4         0        0              0             0              0               0    0       0      0           0 java
    560dfeb31000 r--p 00002000  fd:00 536260       4      4      4          4         4        0              0             0              0               0    0       0      0           0 java
    560dfeb32000 rw-p 00003000  fd:00 536260       4      4      4          4         4        0              0             0              0               0    0       0      0           0 java
    560e00835000 rw-p 00000000  00:00      0     280    100    100        100       100        0              0             0              0               0    0       0      0           0 [heap]
    7fc678000000 rw-p 00000000  00:00      0     132      8      8          8         8        0              0             0              0               0    0       0      0           0
    7fc678021000 ---p 00000000  00:00      0   65404      0      0          0         0        0              0             0              0               0    0       0      0           0
    7fc67c000000 rw-p 00000000  00:00      0     132      4      4          4         4        0              0             0              0               0    0       0      0           0
    7fc67c021000 ---p 00000000  00:00      0   65404      0      0          0         0        0              0             0              0               0    0       0      0           0
    7fc680000000 rw-p 00000000  00:00      0     132      8      8          8         8        0              0             0              0               0    0       0      0           0
    7fc680021000 ---p 00000000  00:00      0   65404      0      0          0         0        0              0             0              0               0    0       0      0           0
    7fc684000000 rw-p 00000000  00:00      0     132      8      8          8         8        0              0             0              0               0    0       0      0           0
    7fc684021000 ---p 00000000  00:00      0   65404      0      0          0         0        0              0             0              0               0    0       0      0           0
    7fc688000000 rw-p 00000000  00:00      0     132      4      4          4         4        0              0             0              0               0    0       0      0           0
    7fc688021000 ---p 00000000  00:00      0   65404      0      0          0         0        0              0             0              0               0    0       0      0           0
    7fc68c000000 rw-p 00000000  00:00      0     132     12     12         12        12        0              0             0              0               0    0       0      0           0
    7fc68c021000 ---p 00000000  00:00      0   65404      0      0          0         0        0              0             0              0               0    0       0      0           0
    7fc690000000 rw-p 00000000  00:00      0     132      4      4          4         4        0              0             0              0               0    0       0      0           0
    7fc690021000 ---p 00000000  00:00      0   65404      0      0          0         0        0              0             0              0               0    0       0      0           0
    7fc694000000 rw-p 00000000  00:00      0     132      4      4          4         4        0              0             0              0               0    0       0      0           0
    7fc694021000 ---p 00000000  00:00      0   65404      0      0          0         0        0              0             0              0               0    0       0      0           0
    7fc698000000 rw-p 00000000  00:00      0     132     40     40         40        40        0              0             0              0               0    0       0      0           0
    7fc698021000 ---p 00000000  00:00      0   65404      0      0          0         0        0              0             0              0               0    0       0      0           0
    7fc69c000000 rw-p 00000000  00:00      0     132     44     44         44        44        0              0             0              0               0    0       0      0           0
    7fc69c021000 ---p 00000000  00:00      0   65404      0      0          0         0        0              0             0              0               0    0       0      0           0
    7fc6a0000000 rw-p 00000000  00:00      0     132      4      4          4         4        0              0             0              0               0    0       0      0           0
    7fc6a0021000 ---p 00000000  00:00      0   65404      0      0          0         0        0              0             0              0               0    0       0      0           0
    7fc6a4000000 rw-p 00000000  00:00      0     132      4      4          4         4        0              0             0              0               0    0       0      0           0
    7fc6a4021000 ---p 00000000  00:00      0   65404      0      0          0         0        0              0             0              0               0    0       0      0           0
    7fc6a8000000 rw-p 00000000  00:00      0     132      4      4          4         4        0              0             0              0               0    0       0      0           0
    7fc6a8021000 ---p 00000000  00:00      0   65404      0      0          0         0        0              0             0              0               0    0       0      0           0
    7fc6ac000000 rw-p 00000000  00:00      0     132      8      8          8         8        0              0             0              0               0    0       0      0           0
    7fc6ac021000 ---p 00000000  00:00      0   65404      0      0          0         0        0              0             0              0               0    0       0      0           0
    7fc6b0000000 rw-p 00000000  00:00      0   15300   6220   6220       6220      6220        0              0             0              0               0    0       0      0           0
    7fc6b0ef1000 ---p 00000000  00:00      0   50236      0      0          0         0        0              0             0              0               0    0       0      0           0
    7fc6b4000000 rw-p 00000000  00:00      0    7168   7144   7144       7144      7144        0              0             0              0               0    0       0      0           0
    7fc6b4700000 ---p 00000000  00:00      0   58368      0      0          0         0        0              0             0              0               0    0       0      0           0
    7fc6b8000000 rw-p 00000000  00:00      0     132      4      4          4         4        0              0             0              0               0    0       0      0           0
    7fc6b8021000 ---p 00000000  00:00      0   65404      0      0          0         0        0              0             0              0               0    0       0      0           0
    7fc6bc000000 rw-p 00000000  00:00      0     132      4      4          4         4        0              0             0              0               0    0       0      0           0
    7fc6bc021000 ---p 00000000  00:00      0   65404      0      0          0         0        0              0             0              0               0    0       0      0           0
    7fc6c0000000 rw-p 00000000  00:00      0     132      4      4          4         4        0              0             0              0               0    0       0      0           0
    7fc6c0021000 ---p 00000000  00:00      0   65404      0      0          0         0        0              0             0              0               0    0       0      0           0
    7fc6c6ad0000 r--p 00000000  fd:00 533354  218304    448    210        448         0        0              0             0              0               0    0       0      0           0 locale-archive
    7fc6d4000000 rw-p 00000000  00:00      0     132      8      8          8         8        0              0             0              0               0    0       0      0           0
    7fc6d4021000 ---p 00000000  00:00      0   65404      0      0          0         0        0              0             0              0               0    0       0      0           0
    7fc6d8000000 rw-p 00000000  00:00      0     132      8      8          8         8        0              0             0              0               0    0       0      0           0
    7fc6d8021000 ---p 00000000  00:00      0   65404      0      0          0         0        0              0             0              0               0    0       0      0           0
    7fc6dc000000 rw-p 00000000  00:00      0     132     76     76         76        76        0              0             0              0               0    0       0      0           0
    7fc6dc021000 ---p 00000000  00:00      0   65404      0      0          0         0        0              0             0              0               0    0       0      0           0
    7fc6e0000000 rw-p 00000000  00:00      0     132      4      4          4         4        0              0             0              0               0    0       0      0           0
    7fc6e0021000 ---p 00000000  00:00      0   65404      0      0          0         0        0              0             0              0               0    0       0      0           0
    7fc6e4000000 rw-p 00000000  00:00      0    3008   2952   2952       2952      2952        0              0             0              0               0    0       0      0           0
    7fc6e42f0000 ---p 00000000  00:00      0    1088      0      0          0         0        0              0             0              0               0    0       0      0           0
    7fc6e4400000 rw-p 00000000  00:00      0    7744   7700   7700       7700      7700        0              0             0              0               0    0       0      0           0
    7fc6e4b90000 ---p 00000000  00:00      0   53696      0      0          0         0        0              0             0              0               0    0       0      0           0
    7fc6e8000000 rw-p 00000000  00:00      0     132     16     16         16        16        0              0             0              0               0    0       0      0           0
    7fc6e8021000 ---p 00000000  00:00      0   65404      0      0          0         0        0              0             0              0               0    0       0      0           0
    7fc6ec092000 ---p 00000000  00:00      0       4      0      0          0         0        0              0             0              0               0    0       0      0           0
    7fc6ec093000 rw-p 00000000  00:00      0    1028      8      8          8         8        0              0             0              0               0    0       0      0           0
    7fc6ec194000 ---p 00000000  00:00      0       4      0      0          0         0        0              0             0              0               0    0       0      0           0
    7fc6ec195000 rw-p 00000000  00:00      0    1028      8      8          8         8        0              0             0              0               0    0       0      0           0
    7fc6ec296000 ---p 00000000  00:00      0       4      0      0          0         0        0              0             0              0               0    0       0      0           0
    7fc6ec297000 rw-p 00000000  00:00      0    1028      8      8          8         8        0              0             0              0               0    0       0      0           0
    7fc6ec398000 ---p 00000000  00:00      0       4      0      0          0         0        0              0             0              0               0    0       0      0           0
    7fc6ec399000 rw-p 00000000  00:00      0    1028      8      8          8         8        0              0             0              0               0    0       0      0           0
    7fc6ec49a000 ---p 00000000  00:00      0       4      0      0          0         0        0              0             0              0               0    0       0      0           0
    7fc6ec49b000 rw-p 00000000  00:00      0    1028      8      8          8         8        0              0             0              0               0    0       0      0           0
    7fc6ec59c000 ---p 00000000  00:00      0       4      0      0          0         0        0              0             0              0               0    0       0      0           0
    7fc6ec59d000 rw-p 00000000  00:00      0    1028      8      8          8         8        0              0             0              0               0    0       0      0           0
    7fc6ec69e000 ---p 00000000  00:00      0       4      0      0          0         0        0              0             0              0               0    0       0      0           0
    7fc6ec69f000 rw-p 00000000  00:00      0    1028      8      8          8         8        0              0             0              0               0    0       0      0           0
    7fc6ec7a0000 ---p 00000000  00:00      0       4      0      0          0         0        0              0             0              0               0    0       0      0           0
    7fc6ec7a1000 rw-p 00000000  00:00      0    1028      8      8          8         8        0              0             0              0               0    0       0      0           0
    7fc6ec8a2000 ---p 00000000  00:00      0       4      0      0          0         0        0              0             0              0               0    0       0      0           0
    7fc6ec8a3000 rw-p 00000000  00:00      0    1028     16     16         16        16        0              0             0              0               0    0       0      0           0
    7fc6ec9a4000 ---p 00000000  00:00      0       4      0      0          0         0        0              0             0              0               0    0       0      0           0
    7fc6ec9a5000 rw-p 00000000  00:00      0    1028     16     16         16        16        0              0             0              0               0    0       0      0           0
    7fc6ecaa6000 r--p 00000000  fd:00 526923      48     48      5         48         0        0              0             0              0               0    0       0      0           0 libnspr4.so
    7fc6ecab2000 r-xp 0000c000  fd:00 526923     148     64      7         64         0        0              0             0              0               0    0       0      0           0 libnspr4.so
    7fc6ecad7000 r--p 00031000  fd:00 526923      52      0      0          0         0        0              0             0              0               0    0       0      0           0 libnspr4.so
    7fc6ecae4000 r--p 0003d000  fd:00 526923       4      4      4          4         4        0              0             0              0               0    0       0      0           0 libnspr4.so
    7fc6ecae5000 rw-p 0003e000  fd:00 526923       8      8      8          8         8        0              0             0              0               0    0       0      0           0 libnspr4.so
    7fc6ecae7000 rw-p 00000000  00:00      0       8      0      0          0         0        0              0             0              0               0    0       0      0           0
    7fc6ecae9000 r--p 00000000  fd:00 534323      52     52      5         52         0        0              0             0              0               0    0       0      0           0 libnssutil3.so
    7fc6ecaf6000 r-xp 0000d000  fd:00 534323      72     64      7         64         0        0              0             0              0               0    0       0      0           0 libnssutil3.so
    7fc6ecb08000 r--p 0001f000  fd:00 534323      48      0      0          0         0        0              0             0              0               0    0       0      0           0 libnssutil3.so
    7fc6ecb14000 r--p 0002a000  fd:00 534323      28     28     28         28        28        0              0             0              0               0    0       0      0           0 libnssutil3.so
    7fc6ecb1b000 rw-p 00031000  fd:00 534323       4      4      4          4         4        0              0             0              0               0    0       0      0           0 libnssutil3.so
    7fc6ecb1c000 r--p 00000000  fd:00 527390     100    100     11        100         0        0              0             0              0               0    0       0      0           0 libnss3.so
    7fc6ecb35000 r-xp 00019000  fd:00 527390     900    128     42        128         0        0              0             0              0               0    0       0      0           0 libnss3.so
    7fc6ecc16000 r--p 000fa000  fd:00 527390     232     64     32         64         0        0              0             0              0               0    0       0      0           0 libnss3.so
    7fc6ecc50000 ---p 00134000  fd:00 527390       4      0      0          0         0        0              0             0              0               0    0       0      0           0 libnss3.so
    7fc6ecc51000 r--p 00134000  fd:00 527390      20     20     20         20        20        0              0             0              0               0    0       0      0           0 libnss3.so
    7fc6ecc56000 rw-p 00139000  fd:00 527390      12     12     12         12        12        0              0             0              0               0    0       0      0           0 libnss3.so
    7fc6ecc59000 rw-p 00000000  00:00      0       4      0      0          0         0        0              0             0              0               0    0       0      0           0
    7fc6ecc6c000 r--p 00000000  fd:00 537804       4      4      4          4         0        0              0             0              0               0    0       0      0           0 libsyslookup.so
    7fc6ecc6d000 r-xp 00001000  fd:00 537804       4      4      4          4         0        0              0             0              0               0    0       0      0           0 libsyslookup.so
    7fc6ecc6e000 r--p 00002000  fd:00 537804       4      0      0          0         0        0              0             0              0               0    0       0      0           0 libsyslookup.so
    7fc6ecc6f000 r--p 00002000  fd:00 537804       4      4      4          4         4        0              0             0              0               0    0       0      0           0 libsyslookup.so
    7fc6ecc70000 rw-p 00000000  00:00      0     200    196    196        196       196        0              0             0              0               0    0       0      0           0
    7fc6ecca2000 ---p 00000000  00:00      0       4      0      0          0         0        0              0             0              0               0    0       0      0           0
    7fc6ecca3000 rw-p 00000000  00:00      0    1028      8      8          8         8        0              0             0              0               0    0       0      0           0
    7fc6ecda4000 ---p 00000000  00:00      0      16      0      0          0         0        0              0             0              0               0    0       0      0           0
    7fc6ecda8000 rw-p 00000000  00:00      0    1008      8      8          8         8        0              0             0              0               0    0       0      0           0
    7fc6ecea4000 ---p 00000000  00:00      0      16      0      0          0         0        0              0             0              0               0    0       0      0           0
    7fc6ecea8000 rw-p 00000000  00:00      0    1008     88     88         88        88        0              0             0              0               0    0       0      0           0
    7fc6ecfa4000 ---p 00000000  00:00      0      16      0      0          0         0        0              0             0              0               0    0       0      0           0
    7fc6ecfa8000 rw-p 00000000  00:00      0    1008      8      8          8         8        0              0             0              0               0    0       0      0           0
    7fc6ed0a4000 ---p 00000000  00:00      0      16      0      0          0         0        0              0             0              0               0    0       0      0           0
    7fc6ed0a8000 rw-p 00000000  00:00      0    1008     20     20         20        20        0              0             0              0               0    0       0      0           0
    7fc6ed1a4000 ---p 00000000  00:00      0      16      0      0          0         0        0              0             0              0               0    0       0      0           0
    7fc6ed1a8000 rw-p 00000000  00:00      0    1008     48     48         48        48        0              0             0              0               0    0       0      0           0
    7fc6ed2a4000 ---p 00000000  00:00      0      16      0      0          0         0        0              0             0              0               0    0       0      0           0
    7fc6ed2a8000 rw-p 00000000  00:00      0    1008      8      8          8         8        0              0             0              0               0    0       0      0           0
    7fc6ed3a4000 ---p 00000000  00:00      0      16      0      0          0         0        0              0             0              0               0    0       0      0           0
    7fc6ed3a8000 rw-p 00000000  00:00      0    1008      8      8          8         8        0              0             0              0               0    0       0      0           0
    7fc6ed4a4000 ---p 00000000  00:00      0      16      0      0          0         0        0              0             0              0               0    0       0      0           0
    7fc6ed4a8000 rw-p 00000000  00:00      0    1008      8      8          8         8        0              0             0              0               0    0       0      0           0
    7fc6ed5a4000 ---p 00000000  00:00      0      16      0      0          0         0        0              0             0              0               0    0       0      0           0
    7fc6ed5a8000 rw-p 00000000  00:00      0    1008     92     92         92        92        0              0             0              0               0    0       0      0           0
    7fc6ed6a4000 ---p 00000000  00:00      0      16      0      0          0         0        0              0             0              0               0    0       0      0           0
    7fc6ed6a8000 rw-p 00000000  00:00      0    1008     88     88         88        88        0              0             0              0               0    0       0      0           0
    7fc6ed7a4000 ---p 00000000  00:00      0       4      0      0          0         0        0              0             0              0               0    0       0      0           0
    7fc6ed7a5000 rw-p 00000000  00:00      0    1028     24     24         24        24        0              0             0              0               0    0       0      0           0
    7fc6ed8a6000 r--p 00000000  fd:00 537791      20     20     20         20         0        0              0             0              0               0    0       0      0           0 libjsvml.so
    7fc6ed8ab000 r-xp 00005000  fd:00 537791     260     64     64         64         0        0              0             0              0               0    0       0      0           0 libjsvml.so
    7fc6ed8ec000 r--p 00046000  fd:00 537791     548      0      0          0         0        0              0             0              0               0    0       0      0           0 libjsvml.so
    7fc6ed975000 r--p 000ce000  fd:00 537791       4      4      4          4         4        0              0             0              0               0    0       0      0           0 libjsvml.so
    7fc6ed976000 rw-p 000cf000  fd:00 537791       4      4      4          4         4        0              0             0              0               0    0       0      0           0 libjsvml.so
    7fc6ed977000 rw-p 00000000  00:00      0     516    516    516        516       516        0              0             0              0               0    0       0      0           0
    7fc6ed9f8000 ---p 00000000  00:00      0       4      0      0          0         0        0              0             0              0               0    0       0      0           0
    7fc6ed9f9000 rw-p 00000000  00:00      0    1028      8      8          8         8        0              0             0              0               0    0       0      0           0
    7fc6edafa000 ---p 00000000  00:00      0       4      0      0          0         0        0              0             0              0               0    0       0      0           0
    7fc6edafb000 rw-p 00000000  00:00      0   37908     24     24         24        24        0              0             0              0               0    0       0      0           0
    7fc6f0000000 rw-p 00000000  00:00      0     132      4      4          4         4        0              0             0              0               0    0       0      0           0
    7fc6f0021000 ---p 00000000  00:00      0   65404      0      0          0         0        0              0             0              0               0    0       0      0           0
    7fc6f4000000 rw-p 00000000  00:00      0     132      4      4          4         4        0              0             0              0               0    0       0      0           0
    7fc6f4021000 ---p 00000000  00:00      0   65404      0      0          0         0        0              0             0              0               0    0       0      0           0
    7fc6f8000000 rw-p 00000000  00:00      0     132     48     48         48        48        0              0             0              0               0    0       0      0           0
    7fc6f8021000 ---p 00000000  00:00      0   65404      0      0          0         0        0              0             0              0               0    0       0      0           0
    7fc6fc000000 r--p 00000000  fd:00 526955       8      8      0          8         0        0              0             0              0               0    0       0      0           0 libplc4.so
    7fc6fc002000 r-xp 00002000  fd:00 526955       8      8      0          8         0        0              0             0              0               0    0       0      0           0 libplc4.so
    7fc6fc004000 r--p 00004000  fd:00 526955       4      0      0          0         0        0              0             0              0               0    0       0      0           0 libplc4.so
    7fc6fc005000 r--p 00004000  fd:00 526955       4      4      4          4         4        0              0             0              0               0    0       0      0           0 libplc4.so
    7fc6fc006000 rw-p 00005000  fd:00 526955       4      4      4          4         4        0              0             0              0               0    0       0      0           0 libplc4.so
    7fc6fc007000 r--p 00000000  fd:00 537799      28     28     28         28         0        0              0             0              0               0    0       0      0           0 libnio.so
    7fc6fc00e000 r-xp 00007000  fd:00 537799      40     40     40         40         0        0              0             0              0               0    0       0      0           0 libnio.so
    7fc6fc018000 r--p 00011000  fd:00 537799      16     16     16         16         0        0              0             0              0               0    0       0      0           0 libnio.so
    7fc6fc01c000 ---p 00015000  fd:00 537799       4      0      0          0         0        0              0             0              0               0    0       0      0           0 libnio.so
    7fc6fc01d000 r--p 00015000  fd:00 537799       4      4      4          4         4        0              0             0              0               0    0       0      0           0 libnio.so
    7fc6fc01e000 rw-p 00016000  fd:00 537799       4      4      4          4         4        0              0             0              0               0    0       0      0           0 libnio.so
    7fc6fc01f000 rw-p 00000000  00:00      0    4736    480    480        480       480        0              0             0              0               0    0       0      0           0
    7fc6fc4bf000 ---p 00000000  00:00      0       4      0      0          0         0        0              0             0              0               0    0       0      0           0
    7fc6fc4c0000 rw-p 00000000  00:00      0    1028      8      8          8         8        0              0             0              0               0    0       0      0           0
    7fc6fc5c1000 ---p 00000000  00:00      0       4      0      0          0         0        0              0             0              0               0    0       0      0           0
    7fc6fc5c2000 rw-p 00000000  00:00      0    1028      8      8          8         8        0              0             0              0               0    0       0      0           0
    7fc6fc6c3000 ---p 00000000  00:00      0       4      0      0          0         0        0              0             0              0               0    0       0      0           0
    7fc6fc6c4000 rw-p 00000000  00:00      0    3012     16     16         16        16        0              0             0              0               0    0       0      0           0
    7fc6fc9b5000 ---p 00000000  00:00      0   29312      0      0          0         0        0              0             0              0               0    0       0      0           0
    7fc6fe655000 rw-p 00000000  00:00      0    2016      0      0          0         0        0              0             0              0               0    0       0      0           0
    7fc6fe84d000 ---p 00000000  00:00      0   29312      0      0          0         0        0              0             0              0               0    0       0      0           0
    7fc7004ed000 rw-p 00000000  00:00      0     280      8      8          8         8        0              0             0              0               0    0       0      0           0
    7fc700533000 ---p 00000000  00:00      0    3664      0      0          0         0        0              0             0              0               0    0       0      0           0
    7fc7008c7000 rw-p 00000000  00:00      0     252    252    252        252       252        0              0             0              0               0    0       0      0           0
    7fc700906000 ---p 00000000  00:00      0    3664      0      0          0         0        0              0             0              0               0    0       0      0           0
    7fc700c9a000 rw-p 00000000  00:00      0     252    252    252        252       252        0              0             0              0               0    0       0      0           0
    7fc700cd9000 ---p 00000000  00:00      0    3664      0      0          0         0        0              0             0              0               0    0       0      0           0
    7fc70106d000 rw-p 00000000  00:00      0    1032      8      8          8         8        0              0             0              0               0    0       0      0           0
    7fc70116f000 rwxp 00000000  00:00      0    2496    712    712        712       712        0              0             0              0               0    0       0      0           0
    7fc7013df000 ---p 00000000  00:00      0    3208      0      0          0         0        0              0             0              0               0    0       0      0           0
    7fc701701000 rwxp 00000000  00:00      0    3456   3428   3428       3428      3428        0              0             0              0               0    0       0      0           0
    7fc701a61000 ---p 00000000  00:00      0  116572      0      0          0         0        0              0             0              0               0    0       0      0           0
    7fc708c38000 rwxp 00000000  00:00      0    2496    592    592        592       592        0              0             0              0               0    0       0      0           0
    7fc708ea8000 ---p 00000000  00:00      0  117532      0      0          0         0        0              0             0              0               0    0       0      0           0
    7fc71016f000 r--s 00000000  fd:00 537808  129604  11588  11588      11588         0        0              0             0              0               0    0       0      0           0 modules
    7fc718000000 rw-p 00000000  00:00      0    5968   5804   5804       5804      5804        0              0             0              0               0    0       0      0           0
    7fc7185d4000 ---p 00000000  00:00      0   59568      0      0          0         0        0              0             0              0               0    0       0      0           0
    7fc71c003000 r--p 00000000  fd:00 537798      12     12     12         12         0        0              0             0              0               0    0       0      0           0 libnet.so
    7fc71c006000 r-xp 00003000  fd:00 537798      40     40     40         40         0        0              0             0              0               0    0       0      0           0 libnet.so
    7fc71c010000 r--p 0000d000  fd:00 537798       8      8      8          8         0        0              0             0              0               0    0       0      0           0 libnet.so
    7fc71c012000 ---p 0000f000  fd:00 537798       4      0      0          0         0        0              0             0              0               0    0       0      0           0 libnet.so
    7fc71c013000 r--p 0000f000  fd:00 537798       4      4      4          4         4        0              0             0              0               0    0       0      0           0 libnet.so
    7fc71c014000 rw-p 00000000  00:00      0    7728    116    116        116       116        0              0             0              0               0    0       0      0           0
    7fc71c7a0000 ---p 00000000  00:00      0     920      0      0          0         0        0              0             0              0               0    0       0      0           0
    7fc71c886000 rw-p 00000000  00:00      0      28     28     28         28        28        0              0             0              0               0    0       0      0           0
    7fc71c88d000 ---p 00000000  00:00      0     912      0      0          0         0        0              0             0              0               0    0       0      0           0
    7fc71c971000 r--p 00000000  fd:00 537781      48     48     48         48         0        0              0             0              0               0    0       0      0           0 libjava.so
    7fc71c97d000 r-xp 0000c000  fd:00 537781      80     64     64         64         0        0              0             0              0               0    0       0      0           0 libjava.so
    7fc71c991000 r--p 00020000  fd:00 537781      24     24     24         24         0        0              0             0              0               0    0       0      0           0 libjava.so
    7fc71c997000 r--p 00025000  fd:00 537781       4      4      4          4         4        0              0             0              0               0    0       0      0           0 libjava.so
    7fc71c998000 rw-p 00026000  fd:00 537781       4      4      4          4         4        0              0             0              0               0    0       0      0           0 libjava.so
    7fc71c999000 rw-p 00000000  00:00      0       4      4      4          4         4        0              0             0              0               0    0       0      0           0
    7fc71c99a000 r--p 00000000  fd:00 544615       8      8      0          8         0        0              0             0              0               0    0       0      0           0 libnss_sss.so.2
    7fc71c99c000 r-xp 00002000  fd:00 544615      28     28      0         28         0        0              0             0              0               0    0       0      0           0 libnss_sss.so.2
    7fc71c9a3000 r--p 00009000  fd:00 544615       8      8      0          8         0        0              0             0              0               0    0       0      0           0 libnss_sss.so.2
    7fc71c9a5000 r--p 0000a000  fd:00 544615       4      4      4          4         4        0              0             0              0               0    0       0      0           0 libnss_sss.so.2
    7fc71c9a6000 rw-p 0000b000  fd:00 544615       4      4      4          4         4        0              0             0              0               0    0       0      0           0 libnss_sss.so.2
    7fc71c9a8000 r--p 00000000  fd:00 526979       4      4      0          4         0        0              0             0              0               0    0       0      0           0 libplds4.so
    7fc71c9a9000 r-xp 00001000  fd:00 526979       4      4      0          4         0        0              0             0              0               0    0       0      0           0 libplds4.so
    7fc71c9aa000 r--p 00002000  fd:00 526979       4      0      0          0         0        0              0             0              0               0    0       0      0           0 libplds4.so
    7fc71c9ab000 r--p 00002000  fd:00 526979       4      4      4          4         4        0              0             0              0               0    0       0      0           0 libplds4.so
    7fc71c9ac000 rw-p 00003000  fd:00 526979       4      4      4          4         4        0              0             0              0               0    0       0      0           0 libplds4.so
    7fc71c9ad000 r--p 00000000  fd:00 537805       4      4      4          4         0        0              0             0              0               0    0       0      0           0 libsystemconf.so
    7fc71c9ae000 r-xp 00001000  fd:00 537805       4      4      4          4         0        0              0             0              0               0    0       0      0           0 libsystemconf.so
    7fc71c9af000 r--p 00002000  fd:00 537805       4      4      4          4         0        0              0             0              0               0    0       0      0           0 libsystemconf.so
    7fc71c9b0000 r--p 00002000  fd:00 537805       4      4      4          4         4        0              0             0              0               0    0       0      0           0 libsystemconf.so
    7fc71c9b1000 rw-p 00000000  00:00      0      24     24     24         24        24        0              0             0              0               0    0       0      0           0
    7fc71c9b7000 ---p 00000000  00:00      0      28      0      0          0         0        0              0             0              0               0    0       0      0           0
    7fc71c9be000 ---p 00000000  00:00      0      16      0      0          0         0        0              0             0              0               0    0       0      0           0
    7fc71c9c2000 rw-p 00000000  00:00      0    1008    128    128        128       128        0              0             0              0               0    0       0      0           0
    7fc71cabe000 r--p 00000000  fd:00 533734      12     12      0         12         0        0              0             0              0               0    0       0      0           0 libgcc_s-11-20220127.so.1
    7fc71cac1000 r-xp 00003000  fd:00 533734      72     64      0         64         0        0              0             0              0               0    0       0      0           0 libgcc_s-11-20220127.so.1
    7fc71cad3000 r--p 00015000  fd:00 533734      12      0      0          0         0        0              0             0              0               0    0       0      0           0 libgcc_s-11-20220127.so.1
    7fc71cad6000 ---p 00018000  fd:00 533734       4      0      0          0         0        0              0             0              0               0    0       0      0           0 libgcc_s-11-20220127.so.1
    7fc71cad7000 r--p 00018000  fd:00 533734       4      4      4          4         4        0              0             0              0               0    0       0      0           0 libgcc_s-11-20220127.so.1
    7fc71cad8000 rw-p 00019000  fd:00 533734       4      4      4          4         4        0              0             0              0               0    0       0      0           0 libgcc_s-11-20220127.so.1
    7fc71cad9000 r--p 00000000  fd:00 534035      60     60      0         60         0        0              0             0              0               0    0       0      0           0 libm.so.6
    7fc71cae8000 r-xp 0000f000  fd:00 534035     452    288     18        288         0        0              0             0              0               0    0       0      0           0 libm.so.6
    7fc71cb59000 r--p 00080000  fd:00 534035     360    128     21        128         0        0              0             0              0               0    0       0      0           0 libm.so.6
    7fc71cbb3000 r--p 000d9000  fd:00 534035       4      4      4          4         4        0              0             0              0               0    0       0      0           0 libm.so.6
    7fc71cbb4000 rw-p 000da000  fd:00 534035       4      4      4          4         4        0              0             0              0               0    0       0      0           0 libm.so.6
    7fc71cbb5000 r--p 00000000  fd:00 526200     612    612     15        612         0        0              0             0              0               0    0       0      0           0 libstdc++.so.6.0.29
    7fc71cc4e000 r-xp 00099000  fd:00 526200    1032    200      9        200         0        0              0             0              0               0    0       0      0           0 libstdc++.so.6.0.29
    7fc71cd50000 r--p 0019b000  fd:00 526200     460     64      5         64         0        0              0             0              0               0    0       0      0           0 libstdc++.so.6.0.29
    7fc71cdc3000 r--p 0020d000  fd:00 526200      52     52     52         52        52        0              0             0              0               0    0       0      0           0 libstdc++.so.6.0.29
    7fc71cdd0000 rw-p 0021a000  fd:00 526200       4      4      4          4         4        0              0             0              0               0    0       0      0           0 libstdc++.so.6.0.29
    7fc71cdd1000 rw-p 00000000  00:00      0      12      8      8          8         8        0              0             0              0               0    0       0      0           0
    7fc71cdd4000 r--p 00000000  fd:00 537815    2472   2472   2472       2472         0        0              0             0              0               0    0       0      0           0 libjvm.so
    7fc71d03e000 r-xp 0026a000  fd:00 537815   13732  11612  11612      11612         0        0              0             0              0               0    0       0      0           0 libjvm.so
    7fc71dda7000 r--p 00fd3000  fd:00 537815    2620    804    804        804         0        0              0             0              0               0    0       0      0           0 libjvm.so
    7fc71e036000 ---p 01262000  fd:00 537815       4      0      0          0         0        0              0             0              0               0    0       0      0           0 libjvm.so
    7fc71e037000 r--p 01262000  fd:00 537815     772    772    772        772       772        0              0             0              0               0    0       0      0           0 libjvm.so
    7fc71e0f8000 rw-p 01323000  fd:00 537815     212    192    192        192       192        0              0             0              0               0    0       0      0           0 libjvm.so
    7fc71e12d000 rw-p 00000000  00:00      0     372    320    320        320       320        0              0             0              0               0    0       0      0           0
    7fc71e18a000 r--p 00000000  fd:00 538867      12     12      0         12         0        0              0             0              0               0    0       0      0           0 libz.so.1.2.11
    7fc71e18d000 r-xp 00003000  fd:00 538867      56     56      0         56         0        0              0             0              0               0    0       0      0           0 libz.so.1.2.11
    7fc71e19b000 r--p 00011000  fd:00 538867      24      0      0          0         0        0              0             0              0               0    0       0      0           0 libz.so.1.2.11
    7fc71e1a1000 ---p 00017000  fd:00 538867       4      0      0          0         0        0              0             0              0               0    0       0      0           0 libz.so.1.2.11
    7fc71e1a2000 r--p 00017000  fd:00 538867       4      4      4          4         4        0              0             0              0               0    0       0      0           0 libz.so.1.2.11
    7fc71e1a3000 rw-p 00000000  00:00      0       4      0      0          0         0        0              0             0              0               0    0       0      0           0
    7fc71e1a4000 r--p 00000000  fd:00 534012     176    176      1        176         0        0              0             0              0               0    0       0      0           0 libc.so.6
    7fc71e1d0000 r-xp 0002c000  fd:00 534012    1496   1344     20       1344         0        0              0             0              0               0    0       0      0           0 libc.so.6
    7fc71e346000 r--p 001a2000  fd:00 534012     336    168      3        168         0        0              0             0              0               0    0       0      0           0 libc.so.6
    7fc71e39a000 ---p 001f6000  fd:00 534012       4      0      0          0         0        0              0             0              0               0    0       0      0           0 libc.so.6
    7fc71e39b000 r--p 001f6000  fd:00 534012      12     12     12         12        12        0              0             0              0               0    0       0      0           0 libc.so.6
    7fc71e39e000 rw-p 001f9000  fd:00 534012      12     12     12         12        12        0              0             0              0               0    0       0      0           0 libc.so.6
    7fc71e3a1000 rw-p 00000000  00:00      0      52     20     20         20        20        0              0             0              0               0    0       0      0           0
    7fc71e3b1000 rw-s 00000000  00:0d 122365       4      4      4          4         0        0              0             0              0               0    0       0      4           0 secretmem (deleted)
    7fc71e3b2000 rw-s 00000000  00:26    171      32     32     32         32         0        0              0             0              0               0    0       0      0           0 5158
    7fc71e3ba000 ---p 00000000  00:00      0       4      0      0          0         0        0              0             0              0               0    0       0      0           0
    7fc71e3bb000 r--p 00000000  00:00      0       4      0      0          0         0        0              0             0              0               0    0       0      0           0
    7fc71e3bc000 r--p 00000000  fd:00 537784       8      8      8          8         0        0              0             0              0               0    0       0      0           0 libjimage.so
    7fc71e3be000 r-xp 00002000  fd:00 537784      12     12     12         12         0        0              0             0              0               0    0       0      0           0 libjimage.so
    7fc71e3c1000 r--p 00005000  fd:00 537784       4      0      0          0         0        0              0             0              0               0    0       0      0           0 libjimage.so
    7fc71e3c2000 ---p 00006000  fd:00 537784       4      0      0          0         0        0              0             0              0               0    0       0      0           0 libjimage.so
    7fc71e3c3000 r--p 00006000  fd:00 537784       4      4      4          4         4        0              0             0              0               0    0       0      0           0 libjimage.so
    7fc71e3c4000 rw-p 00007000  fd:00 537784       4      4      4          4         4        0              0             0              0               0    0       0      0           0 libjimage.so
    7fc71e3c5000 r--p 00000000  fd:00 537785       8      8      8          8         0        0              0             0              0               0    0       0      0           0 libjli.so
    7fc71e3c7000 r-xp 00002000  fd:00 537785      40     40     40         40         0        0              0             0              0               0    0       0      0           0 libjli.so
    7fc71e3d1000 r--p 0000c000  fd:00 537785      12     12     12         12         0        0              0             0              0               0    0       0      0           0 libjli.so
    7fc71e3d4000 ---p 0000f000  fd:00 537785       4      0      0          0         0        0              0             0              0               0    0       0      0           0 libjli.so
    7fc71e3d5000 r--p 0000f000  fd:00 537785       4      4      4          4         4        0              0             0              0               0    0       0      0           0 libjli.so
    7fc71e3d6000 rw-p 00010000  fd:00 537785       4      4      4          4         4        0              0             0              0               0    0       0      0           0 libjli.so
    7fc71e3d7000 rw-p 00000000  00:00      0       8      8      8          8         8        0              0             0              0               0    0       0      0           0
    7fc71e3d9000 r--p 00000000  fd:00 533997       8      8      0          8         0        0              0             0              0               0    0       0      0           0 ld-linux-x86-64.so.2
    7fc71e3db000 r-xp 00002000  fd:00 533997     152    152      1        152         0        0              0             0              0               0    0       0      0           0 ld-linux-x86-64.so.2
    7fc71e401000 r--p 00028000  fd:00 533997      44     44      0         44         0        0              0             0              0               0    0       0      0           0 ld-linux-x86-64.so.2
    7fc71e40c000 ---p 00000000  00:00      0       4      0      0          0         0        0              0             0              0               0    0       0      0           0
    7fc71e40d000 r--p 00033000  fd:00 533997       8      8      8          8         8        0              0             0              0               0    0       0      0           0 ld-linux-x86-64.so.2
    7fc71e40f000 rw-p 00035000  fd:00 533997       8      8      8          8         8        0              0             0              0               0    0       0      0           0 ld-linux-x86-64.so.2
    7ffffb5d4000 rw-p 00000000  00:00      0     132     36     36         36        36        0              0             0              0               0    0       0      0           0 [stack]
    7ffffb5f8000 r--p 00000000  00:00      0      16      0      0          0         0        0              0             0              0               0    0       0      0           0 [vvar]
    7ffffb5fc000 r-xp 00000000  00:00      0       8      4      0          4         0        0              0             0              0               0    0       0      0           0 [vdso]
ffffffffff600000 --xp 00000000  00:00      0       4      0      0          0         0        0              0             0              0               0    0       0      0           0 [vsyscall]
                                             ======= ====== ====== ========== ========= ======== ============== ============= ============== =============== ==== ======= ====== ===========
                                             5745700 113112 109096     113112     73244        0              0             0              0               0    0       0      4           0 KB